10 10
1 4534568 845345684 856 456 4534568 6 856 456 4534568
456 5 6 756 1 856 1 856 4534568 1
756 856 9 756 4534568 5 6 4534568 456 1
856 9 4534568 6 5 456 1 856 845345684 9
756 456 5 856 4534568 456 6 9 6 9
856 5 4534568 6 456 5 6 845345684 6 856
856 456 4534568 756 856 5 4534568 6 856 9
856 9 456 5 4534568 6 9 756 5 845345684
1 5 6 845345684 856 9 456 4534568 6 756
456 756 856 5 6 9 845345684 4534568 5 856

10 10
1 4534568 845345684 856 456 4534568 6 856 456 4534568
456 5 6 756 1 856 1 856 4534568 1
756 856 9 756 4534568 5 6 4534568 456 1
856 9 4534568 6 5 456 1 856 845345684 9
756 456 5 856 4534568 456 6 9 6 9
856 5 4534568 6 456 5 6 845345684 6 856
856 456 4534568 756 856 5 4534568 6 856 9
856 9 456 5 4534568 6 9 756 5 845345684
1 5 6 845345684 856 9 456 4534568 6 756
456 756 856 5 6 9 845345684 4534568 5 856
